0011101000000010
0011101101011101
0011101101011000
0011110000100110
1011110000000110
1011110001100100
0011101111010000
1011101100101000
1011110000011011
0011110000001110
1011101110000001
0011101111100110
0011101101000001
0011110000111001
0011101101100100
0011101110100101
1011101110011111
1011101110011000
0011110001001110
1011101100110010
0011101010101000
1011110001010001
0011101110010100
1011101010000011
0011101101011101
1011101011111010
1011110000001010
0011110001010111
0011101010110100
1011110010000100
0011101011011000
1011101110010101
0011100100010100
0011110000111111
1011101101011001
0011110001010111
0011101100111011
1011110000001100
0011110001110111
0011101110011111
0011101110101000
1011110000111011
0011101111011010
0011101110010100
1011101111101011
0011101111001011
0011101110000100
0011101101111101
0011101110101001
1011101110110101
1011110000100111
1011101110111101
1011110000111011
1011101101001000
0011101111010111
0011101000101001
0011101100100001
0011101111001010
1011101111001101
1011101100100110
0011101100010001
0011110000100111
0011101010100100
1011110010000111
0011101110110101
1011110000000101
0011110000001000
1011101100100010
0011110000111101
0011101110110010
0011101010100010
1011101111110010
1011101111001011
1011110010000011
1011110010010110
1011110001010100
1011101111110101
0011101011100111
0011101011011110
1011101111010010
1011110000000001
0011110000011011
0011101010100000
1011101101001100
1011101101100010
0011101101100101
1011110001010101
0011101011011100
0011101110001100
0011110000110010
1011101110011110
1011100011001110
0011101111000110
0011110001010000
1011110000110100
1011110001011111
1011101101110001
1011100111110110
0011101101100000
0011101011001110
1011101110010101
0011101111000011
0011101010010000
1011101100111110
0011101001010111
0011110000100010
0011101101111111
1011101101001011
1011110001100101
1011101100001000
0011101010110110
1011101101011110
0011101101101101
1011110000001111
1011101100110111
0011101110001000
1011110001010010
0011101101101111
0011101001100101
0011110000111111
1011101110010110
1011110001011100
0011101110111101
0011110000001011
0011101111000001
0011110001010000
1011110000101111
1011110000000110
