0011100001110010
0011100011100100
0011100100111111
0011100010011110
0011100100001101
0011100010110000
0011100011111100
0011100010010100
0011100010011100
0011100100001101
0011100100001100
0011100010000011
0011100001111001
0011100100110110
0011100101000000
0011100010000101
0011100011111011
0011100100010111
0011100011000010
0011100100111010
0011100100001000
0011100010110001
0011100011001011
0011100010001101
0011100010101001
0011100011111101
0011100100000000
0011100010011010
0011100010011011
0011100010011100
0011100011011111
0011100101000110
0011100011010010
0011100010111100
0011100100001100
0011100010100111
0011100101010000
0011100110100000
0011100010101010
0011100010011011
0011100100000110
0011100001110001
0011100010000110
0011100100010000
0011100011111100
0011100010000101
0011100100011110
0011100101010111
0011100001110110
0011100001110111
0011100010101000
0011100001101101
0011100011010100
0011100010000110
0011100100011111
0011100001110101
0011100011001011
0011100010000111
0011100100010011
0011100011111100
0011100100011111
0011100011011011
0011100100011101
0011100100010110
