1011100011101101
1011100000010111
0011100001010111
0011011010111001
1011011111001111
1011011110110110
1011100000100111
1011011110011101
0011011110011000
0011011001001000
0011100000110010
0011010110011010
0011011010100001
1011100000101000
0011100001100010
0011011101110100
1011100000100110
1011100000110100
0011011111100111
1011011111001001
0011100000010111
1011011110011100
1011011110010010
1011011101111101
0011011110000111
0011011111001111
0011011110000110
1011011010110111
1011011110111001
0011011101000100
1011100000010101
0011100001101000
0011011111010000
0011011010001110
1011011111001011
0011011111001100
0011100001110000
0011100001011110
1011011000010111
0011011110101111
1011011111101100
0011011100100111
1011011100101010
0011010101001111
1011100000100011
0011011000110111
1011100001000001
0011100001011000
0011011001100101
1011011011101011
1011011110010110
0011011100011100
1011100000001110
0011011100001111
0011011101101010
0011011100110101
0011011111101001
1011011101010100
1011011011001000
1011100000100111
0011100001001000
1011100000000100
1011100001000001
0011100000001011
1011100000010111
1011100101100010
0011100100110000
0011011010100110
1011100001101110
1011100001110100
1011100100000011
1011100010000011
0011100010000100
1011011101101001
0011100100000011
1011011010100000
0011011100001010
1011100011011100
0011100100100111
0011100000101011
1011100011111001
1011100100000000
0011100010100010
1011100011010000
0011100011001111
1011100010001110
1011100000100100
1011100001011100
0011100000100100
0011100011000010
0011100010010000
1011011111101101
1011100010010100
0011100001000011
1011100011101001
0011100100101011
0011100010000111
1011011000100001
1011100011000100
0011100010010100
0011100100111111
0011100101001001
0011011011100100
0011100001111010
1011100010010011
0011011111101000
1011011111001010
0011011111011001
1011100100000010
0011011110001110
1011100100011100
0011100100110111
0011011110001110
1011011111100100
1011100000111111
0011011111011001
1011100011011001
0011011110011100
0011100010001101
0011011111111010
0011100010100001
1011100000001010
0011011010110100
1011100011111111
0011100100011110
1011100011011101
1011100100011100
0011100011111001
0011100001010111
0011100100110000
1011100110111110
0011011110001010
0011100000110110
0011100010001001
0011100100111111
0011100011001111
1011100011011011
0011100010001000
1011100100110000
0011011111000010
0011010110000111
0011100011101110
1011100101100000
1011100001010001
0011100100101100
0011100100100100
1011100011001001
0011100101001000
1011100011110110
0011100011110111
0011011111101001
0011100010110110
1011100000010010
1011100100101100
1011100100001111
0011100010000100
0011100011011110
1011100010110110
0011100100101000
1011100101100111
1011100010001111
0011100000001101
0011100100110011
1011100011000010
1011100110001111
1011100110101110
1011100000011010
1011100010011110
0011100010001101
1011100000001101
0011011110101100
1011100010101110
0011100101000100
1011100000101100
0011100101101110
1011100110010011
1011100000011010
0011100001010001
0011100001000000
1011100000000100
0011100100011000
1011011100111101
1011100100010110
1011100000010110
1011100011000010
0011100000010010
1011100001100100
0011100100110010
1011100101101011
0011100100101110
0011100101101101
1011100101010100
0011011010111001
0011011010100110
0011011110001010
1011100100011100
0011100010101101
0011100000110101
0011011100101100
1011011100011100
0011011110100000
1011100010110110
1011100000101011
1011100000000100
1011011111011110
0011100010110111
1011100001010010
1011011110111010
0011011111110011
0011100001100110
1011100000101000
1011100010101111
1011100010000010
1011100000000001
0011100010000001
1011011110000101
1011100001000110
0011100001010010
0011100010001000
1011100000101000
0011010000011111
0011100000001100
0011011101001010
1011100001010011
1011100001101011
1011100001111001
1011100001111010
1011011111100001
1011010111010000
0011100010110000
0011100001011011
1011011111100101
0011100010011100
1011011110000100
0011100000000001
0011100010110110
0011010100001011
0011100000000000
1011011011000101
0011100000010011
0011011110111011
1011011110010101
0011100000111010
1011011101110010
0011011110101001
1011100000001001
0011100010101111
1011011110010011
1011100000111111
0011011111101111
0011100010111111
0011011111001100
1011011010101111
1011011101111101
1011011010101001
0011100001000110
1011011111001111
1011100001101110
0011100000110110
0011100010101101
1011100110001100
1011100011001110
1011100010010100
1011011100110011
1011011011000011
0011100100010110
0011100100000001
0011100001011001
0011100001001100
1011100101001011
0011100100100001
0011100001100111
1011100011010001
1011100100011001
0011100011010100
0011100011010011
0011100100011011
0011011111001000
1011100011111111
0011011010100001
0011100011001100
1011100001000011
1011100010101100
0011100001101110
1011011111111101
1011100000011100
1011100010001110
0011100100100011
0011100100000001
0011100011010011
0011100010000010
0011100010011111
0011100010101000
1011100010000010
1011100010110101
0011100010010110
1011100100100101
0011100000100010
1011100010000100
1011100100010000
1011100001100001
1011100000111100
1011100001011111
0011011101101011
1011100000000001
0011011110011110
1011100011000111
0011100000010101
1011100010100100
0011100010000110
1011100011110000
0011100000110011
0011100011100111
1011100010000011
1011100100100000
1011100011000011
0011100010011001
1011011110011110
1011100001100100
1011100000000000
1011011110110110
1011100001110100
0011100010001001
0011100000110101
1011100011001110
1011100100101110
1011100010001110
1011011110110101
0011011101011111
0011100010010000
0011100011000110
0011011111010010
0011011111100001
1011100100000011
0011100011111001
0011100000100001
1011100010101010
1011100011011101
0011100010010101
0011011111010110
0011100011010011
1011011010110100
1011100010010111
1011011100111010
0011100001111001
0011010001010110
1011011111001001
0011011110110100
1011100000001100
1011011011101001
1011100010000100
0011100011111110
0011100010100101
0011100001010011
0011011011111011
0011100001101110
0011100010111000
0011011110010110
1011100000110000
0011100001011001
1011100011001101
0011011111100000
1011100000100000
1011100010000100
1011100001111000
1011011110011011
1011100010001001
0011100001011010
1011011100111110
0011011000101011
1011100001111011
0011011111010000
1011100010001011
0011100000011100
1011100000101011
0011011111110110
0011100010011111
1011100000101001
1011100010100000
1011100010100100
0011100010011111
1011100000011001
1011100010001010
0011011101111101
1011100000100111
1011100100000011
0011100100111111
0011011100101100
1011100010010100
1011100010001110
1011100101111010
1011100010001101
0011100010001100
1011011011001110
0011100100010100
1011011000000011
0011011101000101
1011100100000010
0011100100111100
0011100001000100
1011100100001011
1011100100010010
0011100010111010
1011100011010001
0011100011110000
1011100010010101
1011100001001110
1011100001101001
0011100001000111
0011100011001000
0011100010001111
1011011111100000
1011100010100010
0011100001000110
1011100100000000
0011100101000001
0011100010011111
0011011001101100
1011100011001001
0011100010101000
0011100101010001
0011100101010011
0011011000001001
0011100010001110
1011100010110001
0011100000000101
1011011111110111
0011011110100001
1011100100001110
0011011110000000
1011100100101010
0011100101000100
0011011110000111
1011011111101010
1011100001100100
0011011111111010
1011100011110001
0011011111000110
0011100010001000
0011100000010000
0011100010111010
1011100000100011
1011011001101110
1011100100001101
0011100100101101
1011100011101101
1011100100101001
0011100100000010
1011011110011101
1011100010000011
0011100011001111
1011011100011100
1011011100110011
1011011110110101
1011100010001101
1011100100010010
0011100000101001
1011011111111101
0011100001111011
1011011100110100
1011011000010000
1011100000011001
0011100010100001
0011011110010000
1011100001111001
1011100001100110
0011100000001011
1011100010100001
0011100000100110
1011100001000001
1011011011010010
1011100000001100
0011011100100101
0011100010001000
0011100001101000
1011011111011011
1011100000100110
0011100000010001
1011100001111001
0011100010100101
0011011110110111
1011011110001011
1011100010001110
0011100000001010
0011100011010110
0011100100001000
0011011110010000
0011011111011110
1011011110101010
0011011101000001
1011011010111100
0011100000011010
1011100010010010
0011011110010001
1011100010110010
0011100011100001
0011011101111111
1011011110100110
1011011101101110
0011011100110110
1011100001011110
0011011000001000
0011100001111000
0011011101001101
0011100000000100
1011011100111011
0011011111011101
1011100010000010
0011100010101111
1011100010000100
1011100010110010
0011100010100101
0011011110011000
0011100010000100
1011100011011011
0011011110100000
1011011011000011
0011011101011111
0011100010001100
0011100000101001
1011100100011010
0011100001001100
1011100001011111
0011011110010010
0011011011111110
0011011110100101
1011100010001111
1011011101011100
0011100001100110
0011100000111101
1011011111011001
0011100011001001
1011011111101100
0011100001100000
1011011011001100
0011100000011110
1011010100001101
1011100010100000
1011100010010011
0011100000010010
0011100000101010
1011100000110001
0011100001110101
1011100010010100
1011011100111000
0011011111110100
0011100010101011
1011011111101101
1011100011011011
1011100100011101
1011011111101101
1011011110110101
0011011010111011
1011011100010000
1011010100010000
1011100001101001
0011100010010101
1011011111001001
0011100010111001
1011100011110101
1011011110101001
0011011111001001
0011011010111011
1011011100001001
0011100001010010
0011011010011001
1011100010100011
1011011100010110
1011011111000001
0011011010111110
1011100000111111
0011100001110101
1011100010110001
0011100010001110
0011100010111000
1011100010111101
0011011001001000
1011011101101001
0011100010001000
1011100010110110
0011100100010110
0011100010010000
1011011011001110
1011011111111101
0011100001001100
1011100110001100
1011100001010101
1011100001111011
1011100001001000
0011100100010101
1011100010000000
1011100000001011
0011011111111100
0011100010100010
1011100001111000
1011100100111001
1011100011001000
1011100010010110
0011100011100000
1011100000101001
1011100010101000
0011100011101100
0011100100001110
1011100010101001
1011011101101100
0011100010010110
1011001111011000
1011100001111111
1011100011000000
1011100011101010
1011100100001000
1011100000010110
0011100000010000
0011100101001110
0011100011001111
1011100000100011
0011100100000011
1011011111001000
0011100001011110
0011100100110000
1011011111001100
0011100001111110
1011100000101101
0011100011010100
0011100000111101
1011100000100011
0011100010011010
1011011110110110
0011011110001100
1011100001110001
0011100100110010
1011011111100000
1011100010010001
0011100001000011
0011100100110011
0011011110101110
0011011110110000
1011100001010000
1011100000100110
0011100011101100
0011100000110010
0011100100000011
1011100100110000
1011100000101011
0011100100000001
0011100011000110
0011100100010100
0011100001111011
1011100001011111
1011100001010101
1011100110001011
1011011110011100
1011011111110001
0011100100111011
1011100101011010
1011100001111101
0011100100011100
0011100100110101
1011100011101101
0011100000110011
1011100100100000
0011100001001111
0011100010111001
0011100000111001
1011100010100010
1011100001111111
1011011111001100
1011010000110000
0011100010011110
1011011111001101
0011100100000110
1011100101011111
1011100011101001
1011100000110001
0011100001100110
1011100011001001
1011100101001110
1011100100010101
0011100000000110
1011100010110001
0011100100001001
1011100000101110
0011100001001110
0011100000011111
0011100100001100
0011011010100101
0011100100100010
1011100100101000
1011010110101010
0011011110000011
0011100010101100
1011100000100010
0011100100000011
1011100000111011
1011011100010010
1011100000111101
1011100011110100
0011100001101110
0011100010000100
0011100100011011
1011100100101101
0011100011010100
0011100100100010
1011100010111111
0011010110011010
1011011010100000
0011011111000010
1011100000000100
0011100001011001
0011011111010010
1011011000000011
1011011100110100
0011011110010010
1011100001111011
1011011110011100
1011100100000001
1011011110010001
0011100001011001
1011011110111101
1011011101001010
0011011100111010
0011011111101101
1011011110110101
1011100010000101
1011100000010010
1011011111010111
0011100000100010
1011011101110010
1011011111110100
0011100000101010
0011100001001101
1011011111110101
1011011010100110
0011011111011000
0011010001011001
1011011110111011
1011100000001011
1011100000101001
1011100001000101
1011011101011011
0011011101001001
0011100010010100
0011100000010110
1011011101101110
0011100000111110
1011011100010001
0011011110100001
0011100001111110
1011011100001111
0011011110110111
1011011101110101
0011100000011000
0011011110001000
1011011101101010
0011011111100000
1011011100000101
0011011011010001
1011011110101110
0011100010000000
1011011100100011
1011011111010100
0011011110001110
0011100010000010
0011011100000010
0011011011110100
1011011110010100
1011011101101011
0011100000101001
0011011010100001
0011011100001010
0011010110000111
1011011111011110
0011100001001100
0011011111100001
0011011101000101
1011011000010000
0011011011111110
1011100001001000
1011011111110001
1011011110010001
1011100011110101
0011100001100001
1011100000010101
1011011101101111
0011011110110111
0011100000011000
1011011111011010
1011100000101110
1011100000100100
1011011101101000
0011100000010111
1011011011010010
1011011111101100
0011011111000100
0011100000001010
1011011110110000
0011011001101011
0011011110001000
0011011101001010
1011100000010110
1011100000001111
1011100000001010
1011011111110000
1011011110011001
1011011100100010
0011100000011101
0011011111110000
1011011110010111
0011100000111100
1011011100101001
0011011110011010
0011100001000101
0011011011010011
0011011110000111
0011011010000100
0011011100111010
0011011101000010
1011011100010000
0011011111100001
1011011100011011
0011011110001000
1011011110100000
0011100000110101
1011011100111100
1011011111110011
0011011110010010
0011100001010011
0011011110100010
1011011100101011
1011011001011101
0011011010010011
0011011110101100
1011100000101000
1011100011011100
0011100011101110
0011100010110111
1011100101001011
1011100100000011
1011100100000010
1011100000011001
0011011110100101
0011100100010101
0011100100111011
0011100001011001
0011100001100001
1011100110110101
0011100101101011
0011100010011010
1011100100011111
1011100101010010
0011100100001111
0011100010000110
0011100101001011
1011011001000111
1011100100010101
1011011110001010
0011100011110101
1011011100110000
1011100001101111
0011100001000110
1011100001111100
1011011110100101
1011100011110010
0011100101101110
0011100100100001
0011100011011000
0011011111011100
0011100011100001
0011100100100101
0011011101101010
1011100010110101
0011100011001111
1011100101001001
0011100001010111
1011100010011101
1011100100001010
1011100011011111
1011100000100110
1011100011110011
0011100010110100
1011011111010010
0011011100001101
1011100011110101
0011100001000111
1011100100000001
0011100010011010
1011100010111111
0011100001101100
0011100100011000
1011100010100100
1011100100100100
1011100100011001
0011100100010000
1011100010000011
1011100011110101
0011011110001101
0011100001100010
0011100100100111
1011100101100000
1011100001010010
0011100100100001
0011100011111001
0011100100111100
0011100010100001
1011100010001111
1011100010000000
1011100101011010
1011011110111101
1011100000010101
0011100101101011
1011100110111111
1011100010011111
0011100101000101
0011100101100100
1011100100010101
0011100001110011
1011100101001001
0011100010000110
0011100011100111
0011100001101110
1011100011001011
1011100010100111
1011100000001101
0011010110111100
0011100011001010
1011100000001000
0011100100101010
1011100110001101
1011100100010010
1011100001011000
0011100010010111
1011100011111110
1011100110000011
1011100101000001
0011100000100010
1011100011011111
0011100100101100
1011100001011011
0011100010000000
0011100000111101
0011100100110010
0011011010101010
0011100101001111
1011100101010111
1011011000101000
0011011110101101
0011100011010111
1011100001001100
0011100100100111
1011100001101001
1011011101110010
1011100001101110
1011100100011001
0011100010010101
0011100010100000
0011100101000101
1011100101011101
0011100100000111
0011100101001111
1011100011110111
0011011101110100
0011100000101011
1011100001010001
1011011110111010
0011100001100111
0011100000100001
0011100001000100
0011011110010000
1011011101011100
1011100000001011
1011100001111101
1011011101001010
1011011101101111
0011100010011010
1011100010011111
1011100100000011
0011100001011110
0011100010001001
1011100000110111
1011011000110101
1011100001111101
0011011100100001
0011100000101000
0011011100110111
1011100000001101
1011011100100000
0011011010100110
1011011100000100
0011011111001001
1011010110101001
0011100000110100
1011100010100010
1011100001000001
1011011111010010
0011011011000010
1011100000010101
1011100010000011
1011011111110000
0011011110101010
1011100000000110
0011100001101100
1011011110001000
0011011110110101
0011011111110100
0011100000110010
0011011011111100
0011100001001001
1011100000111000
0011011010000100
0011010111001001
0011100000010001
1011011101111101
0011100000110111
1011011110101100
0011011101100011
1011011110010100
1011100001000000
0011011111000101
0011100000011110
0011100001011001
1011100001100000
0011011111110100
0011100001001010
1011011110100101
1011100000100110
1011100011111001
0011100100101100
0011011111110011
1011100011010001
1011100010101010
1011100100001011
1011100001111001
0011100001100110
0011011111111100
0011100100011100
0011011100111010
0011011110110111
1011100100011111
0011100101000101
0011100001011110
1011100101111001
1011100100100000
0011100011010001
1011100001110111
0011100100001011
1011100001100010
1011100010010101
1011100000111111
0011100010000110
0011100010010000
0011100000011100
1011011100001110
1011100010010111
0011100000000000
1011100011111011
0011100101001010
0011100011000101
0011011111101000
1011100010001001
0011100010110100
0011100101000100
0011100100100001
1011011110100011
0011100010011101
1011100011100110
0011100000011000
1011100000101001
1011011110010100
1011100100000101
0011010111110110
1011100100011100
0011100100101000
0011011011001001
1011011110011110
1011100010010000
0011100000001110
1011100011110011
0011100000010101
0011011111011100
0011100000100101
0011100011010101
1011100001001010
1011100000101011
1011100100001111
0011100100100101
1011100011010001
1011100100011100
0011100011001100
1011100000110100
1011100100000000
0011100100100100
0011100001100110
1011100100011001
1011100011011101
1011100100010010
1011100001100110
0011100000111101
0011100010100010
0011100100110101
0011011111101101
0011100000011000
1011100101010010
0011100101100100
0011100010001001
1011100100100000
1011100110010110
0011100100000000
1011011101101100
0011100100101111
1011100000011101
1011100011011101
1011100000011101
0011100010111101
0011100000110010
0011011000010111
0011011101011111
1011100010011001
0011011101010101
1011100100000101
0011100101101000
0011100100000011
0011100001111101
1011100000001100
0011100011010100
0011100101000111
0011100011100101
1011100001001001
0011100010111101
1011100100011110
0011100000111101
1011100001110001
1011100010001000
1011100100000111
1011011101110111
1011100100011010
0011100100010110
1011011011001011
1011011100011100
1011100011000100
0011100000110000
1011100100000110
0011100001100001
1011011110011110
0011100001001110
0011100100000101
1011100010000110
1011100010111110
1011100100011110
0011100100101001
1011100011000010
1011100100011011
0011100010011000
0011011111100111
0011100010100010
1011100011001001
1011100000101000
0011100011010100
0011100010010101
0011100010111010
0011100000001011
1011011111011001
1011100001111000
1011100011101101
1011011110110101
1011011111011010
0011100100001111
1011100100010101
1011100000110111
0011100011010001
0011100100000000
1011100101000000
1011010110110100
1011100011101100
0011011110100110
0011100010011010
0011011110110100
1011100010000010
1011011110101011
0011011011011010
1011011101011110
0011100001000000
1011011010000011
0011100010101010
1011100100011000
1011100010110011
1011100000111101
0011011101100111
1011100010001100
1011100011111010
1011100001110101
0011100000011001
1011100001111011
0011100011011010
1011011111111110
0011100000100111
0011100001011000
0011100010101001
0011011101011001
0011100011000000
1011100010110011
0011011011011010
0011011001110111
0011100010000110
1011011111101011
0011100010101101
1011100000011110
0011011110111001
1011100000001010
1011100010110011
0011100000110111
0011100010001110
0011100011001100
1011100011010101
0011100001101100
0011100011000001
1011100000100110
1011011111001001
1011100011010000
0011100101001000
1011100010101111
0011100011010011
0011011111010110
1011100011010001
1011100010100001
0011100011001001
1011100100111001
0011100000110011
1011100010000101
1011100000101110
0011100010000110
0011100001110011
1011011000110101
1011100001110111
1011011101101100
1011010110110100
1011100110111000
1011011110110110
1011100100000000
0011100010100011
1011100010100111
1011100001010110
0011100100111111
0011100101000100
1011100011010110
1011100010001100
0011100011011111
1011100010101110
0011100010000001
1011100000110110
1011100011101110
1011100101010010
0011011110010000
0011100100110011
0011100110110010
0011100011011010
0011011010111101
0011100010011001
1011011001010110
0011100000010010
0011100101000101
1011100011110110
0011100010011001
1011100100100000
0011100101110011
0011100001110010
1011100001111000
0011100000100110
1011011000100001
1011100001111110
1011100000110111
0011100101100111
1011011010010111
1011011101001010
0011011110111001
0011100100111000
1011100010010011
0011100100001100
1011100100000110
1011100100011110
0011100101010011
0011100000010111
0011100011001111
1011100011110110
1011100010000010
0011100100011011
0011100011010011
0011100011110000
0011100000100110
1011011111101100
1011100011001000
1011100100100000
1011100000010010
1011100000100100
0011100101001011
1011100101001001
1011100001111101
0011100100001011
0011100100101111
1011100011101100
1011011110110110
1011100110000111
0011011110010011
0011100011100010
0011011111000100
1011100010111100
1011011101100111
0011011111001000
1011011111011101
0011100001110010
0011011001001101
0011100011011101
1011100101001101
1011100011111110
1011100010010101
0011011001001110
1011100010111110
1011100100011110
1011100001100000
0011100001110101
1011100010101100
0011100100011100
1011100000110000
0011100001110010
0011100010110100
0011100011010110
0011011111000110
0011100011110000
1011100011010000
0011011101100011
0011010011000100
0011100011000000
1011100000100011
0011100011100101
1011100001101000
0011100001001001
1011100001000000
1011100011111001
0011100010000001
0011100011100001
0011100100000111
1011100100001000
0011100010001101
0011100011110001
1011100000100010
1011011110011100
1011100010001110
0011100011110111
1011100000000001
0011011111001000
1011011010110100
1011100010010101
1011100001000001
0011100001100000
1011100010010110
0011100001001111
1011011111010111
1011011101101000
1011011001000111
0011100010000110
0011011100100001
1011100001100010
1011100000011101
0011011110100110
1011100100000000
0011011110010011
1011100100101110
0011011110100101
1011100000111010
1011011100011110
0011100011000101
0011100010111101
1011100001000100
1011100000111010
0011100001011111
1011100010000000
0011100010001011
0011001111110111
1011100000111010
1011100011010101
0011011111010011
0011100011101110
0011100100111110
0011100000101111
0011011110010101
0011011100100011
0011011011001010
0011011011101111
0011100010100101
1011100010100011
0011100000001001
1011100011001101
0011100100001101
0011011111100000
1011011111111011
0011011001011101
0011011011000101
1011100001010011
1011011101001000
0011100011010111
0011011011001100
0011011110000010
1011010000011001
0011100010010000
1011100001110110
0011100010111111
1011100010100001
1011100011001011
0011100011100100
1011011110010010
1011100000100100
0011011111101001
0011100010000001
1011100011111111
1011100010010111
1011100001001110
1011011011010010
1011011011001100
0011100011100000
0011100010111001
0011100000100010
0011100000010111
1011100100010101
0011100011100111
0011100000101000
1011100010010101
1011100011011101
0011100010011010
0011100010100011
0011100011100010
0011011110100101
1011100101001001
0011011010101000
0011100010010110
1011100000011100
1011100010000100
0011100000110101
1011011110101101
1011011111110100
1011100001000111
0011100011101010
0011100010111101
0011100010011101
0011100001001101
0011100001100101
0011100001100110
1011100001011001
1011100010000111
0011100001011010
1011100011110010
0011011111101100
1011100001000011
1011100011011001
1011100000011010
1011100000001111
1011100000010101
0011011010111111
1011011111000101
0011011101111001
1011100010010010
0011011111011001
1011100001101001
0011100001000110
1011100010110111
0011100000000010
0011100010101000
1011100001000000
1011100011110000
1011100010001011
0011100001010011
1011011100111100
1011100000011001
1011011111011010
1011011101111101
1011100001011100
0011100010110110
1011011110000101
0011011010100001
1011011100111010
1011100001101001
1011100000001100
0011100000011110
1011100000101001
0011100000111001
1011011101110010
1011011011010010
1011011110001010
0011100001101110
0011011100110111
1011100000111111
1011100000011101
0011011110110100
1011100010100111
0011011111000100
1011100000111010
0011011010101000
1011100100001011
0011010011111010
0011100010000101
0011100001110100
1011011111110011
1011100000001101
0011100000010011
1011100001001011
0011100001110110
0011011100011001
1011011111001010
1011100010001110
0011011111000101
0011100010110110
0011100100000010
0011011111000100
0011011110010110
1011011010011101
0011011011101111
0011010011100101
0011100001000001
1011100001111001
0011011110100111
1011100010011010
0011100011001100
0011011110001100
1011011110100111
1011011010011100
0011011011100100
1011100000101110
1011011001111101
0011100010000111
0011011011111010
0011011110100000
1011011010011110
0011100000011110
1011100001001100
0011100010010011
1011100001101011
1011100010011001
0011100010011101
0011011110000111
0011100000100100
1011100000010010
1011100001000110
0011100011001100
0011100001111001
0011100001000111
0011011100100101
1011010100001101
1011100010101000
1011100010100010
1011011111110100
1011011111101100
0011100011110101
1011100011001011
1011100000001101
0011100010000110
0011100010111101
1011100010000010
1011100001010110
1011100010111100
1011011100011110
0011100010010110
0011010011111010
1011100100100111
0011011110101110
0011100000110010
1011100000000000
0011011110110100
0011011110011001
0011100000111101
1011100011001110
1011100010011010
1011100001101111
1011011111111000
1011100001000110
1011100001101101
0011011111000110
0011100001001011
1011100000111010
0011100011000100
1011011111000110
0011100000011100
0011100010100000
0011100000011111
0011011111001101
0011100000100100
1011011110011100
0011011110001010
1011011100011000
0011100001101110
1011011110110111
0011100001010101
1011100000011101
0011100001111111
1011011111011010
1011100010001101
0011100000011101
0011100010110110
0011100001111101
1011100001010100
0011011110001111
0011100000100111
0011011100101001
0011011111001111
0011100011000010
1011100100101100
0011100001010010
1011100001000011
0011010001010110
0011100011001000
0011100010001000
1011100010100000
0011100011101100
1011100001111111
0011100000101010
0011011111000100
1011011100110000
1011100010100111
1011011100100000
0011100010010000
0011100000110010
1011011110101011
0011100100111111
1011011101100111
0011100011000101
1011100000011100
0011100010000101
0011011110101110
1011100101111011
1011100100001101
0011100010010100
0011100001111111
1011100010100100
0011100010101011
1011100010101110
0011011100011001
0011100010010100
0011100100011100
1011011111111100
1011100100100011
1011100110001010
1011100010001010
1011011110100110
1011011111011000
1011011010111101
1011011101111010
1011100100000001
0011100011100000
1011100001010001
0011100100001110
1011100101001000
1011100000101001
0011100000111001
1011011101000111
1011011010111101
0011100010001010
0011011110110111
1011100100100010
1011011010110101
1011011101100101
1011011010011000
1011100011100110
0011100010100000
1011100100000010
0011100011100011
0011100100001100
1011100100100100
0011011110000110
0011100010010000
1011100100001111
0011100010001000
1011100010101100
1011011111001001
0011100010001111
0011100001101000
1011100010010011
0011100100001110
1011011111001100
0011100001001101
0011100000001010
1011100001101111
1011100000001101
0011011010100110
0011100000011100
0011011000010111
0011011011011010
0011100101000100
0011011111001000
0011100010111101
1011100010000100
0011100001110100
0011100000110010
1011100100001101
1011100101111110
0011100010100010
0011100001000101
1011100010100110
0011100001101110
1011100000011000
0011100000100001
0011100010111000
0011100100011100
1011011100001100
1011100011111011
1011100110000011
1011100010101000
1011010001000011
1011100010000001
0011011010010100
1011011111110010
1011100100010110
0011100010101101
1011100001101001
0011100011100011
1011100100110000
1011100000110111
0011100000111001
1011100000001110
0011011001110111
0011100000100111
0011100000010011
1011100100101110
0011011010111100
0011011101111000
1011011110100011
1011100100001110
0011100001000000
1011100011000100
0011100011000001
0011100011011111
1011100100011011
1011011010110111
1011011111101101
0011100010000100
1011100000101000
0011100001101110
0011011110110100
1011011111100000
1011011111011011
0011100000010010
1011100010101001
1011010000110000
1011011111110101
1011011110110000
0011100001000110
0011010110111100
1011011100000100
1011011100001110
0011011101011111
1011011101011110
1011100011010110
1011011111011101
1011100001000100
0011100000110101
1011011111110011
1011100000000000
0011100010010100
0011100010100010
1011100100011000
1011011110101001
0011100000110011
1011011110110010
0011011000100101
1011100000000010
1011100001011111
1011100010100110
1011011001100011
0011100001010110
0011100100000111
0011100001001001
1011011011101011
0011100001000000
1011011011001001
0011011110101011
0011100010110001
1011100000010011
0011100000000101
1011100001001001
0011100010101010
0011011111001110
1011011111000101
0011011111011010
1011011010110011
1011011101000110
1011011111000110
0011100011000011
1011011011101001
1011011110011000
0011011110000100
0011100010101100
1011011101011111
0011100000100010
1011100000110110
1011100001000101
0011100010011111
1011011110111001
1011100010010100
0011100011011110
0011010000011111
1011011111111101
1011100000001100
1011100010100010
1011100000100110
0011100000101010
1011011101101100
0011100010011110
1011011010100110
0011011001101011
1011100001111100
0011100011001010
0011011111001001
1011100010010111
1011100010011001
0011100001000000
1011100010001100
0011100001110010
1011100000111010
1011011110101101
1011100000001101
0011011110110100
0011100001111111
0011100001000101
1011011110101001
1011100100011000
0011100000000010
1011100010001111
0011100011001111
0011100000011010
1011011010101111
1011100010000010
0011100000110010
0011100011101111
0011100100000011
0011011011111100
0011100000010100
1011100000100100
0011011110001000
1011011101011100
0011011110110101
1011100010100010
0011011101010001
1011100011000011
0011100011101001
0011011101001000
1011011110011000
1011011111010111
0011011110000000
1011100010000100
0011011100100000
0011100001000110
0011011110010010
0011100000111101
1011011110011101
0011011100010111
1011100010011011
0011100011000101
1011100010001011
1011100011000011
0011100010100001
0011011101000100
0011100001000011
1011100010110110
0011100000001100
1011100000011100
1011011011101001
0011100001000110
0011100000010001
1011100000110001
0011100010010110
1011011111001101
0011011111011000
0011011110001000
1011011110100101
1011100000001000
1011010110101001
0011100000000000
0011011101010101
1011011010000011
0011100011011111
0011011001001101
0011100001011111
1011011111110100
0011100000010011
0011011110011001
1011100010100100
1011100010100110
0011100000110011
0011100000000010
1011100100011010
0011100000100111
1011100000001111
0011011101101000
0011100001000000
0011100010110100
1011011100111000
1011100010100110
1011100100011011
1011100000110001
1011011010111111
1011011111010100
1011010010101000
1011011101010101
1011100010100001
0011100001100100
1011100000000000
0011100010010011
1011100011011001
1011011111001011
0011011111010101
1011011101011111
1011010100001101
0011011111111111
0011011110001010
1011100011000010
0011001111001101
0011010011100100
1011011011101010
1011100010010101
0011100000010011
1011100010000011
0011100001110010
0011100010010001
1011100010111000
1011100000010101
1011100011101001
0011100100101000
0011011101001010
1011100010001110
1011100010000100
1011100100000000
1011100001111001
0011100001110101
1011001111011000
0011100100000110
0011010001011001
0011011101001010
1011100011110010
0011100100101010
0011100000110100
1011100011111011
1011100100000101
0011100010101010
1011100010101110
0011100011011101
1011100010000000
1011100001000111
1011100001001011
0011100000111101
0011100010101011
0011100001101110
1011011110110010
1011100010001111
0011100000100111
1011100101011101
0011100100101110
0011100010010101
0011011011100100
1011100010101011
0011100010011000
0011100100111010
0011100100110110
1011010110111011
0011100010000010
1011100010100110
0011011111110101
1011011111101100
0011011101000101
1011100011111101
0011011101000101
1011100100010110
0011100100101100
0011011101011010
1011011111000110
1011100001010101
0011011111100101
1011100011011000
0011011111000001
0011100001011011
0011100000000100
0011100010101011
1011100000011000
1011011100010011
1011100011111110
0011100100011010
1011100011010001
1011100100010110
0011100011100010
0011100001101000
0011100100101011
1011100101100111
1011100001010011
0011100100100011
0011100011111110
0011100101000001
0011100010100101
1011100010010100
1011100001111111
1011100101011111
1011011110111011
1011100000010110
0011100101101110
1011100110001101
1011100010100010
0011100101001010
0011100101101000
1011100100011000
0011100010000001
1011100101001101
0011100010001011
0011100011101010
0011100001110110
1011100011001110
1011100010101110
1011100000011000
0011011000100101
0011100011001111
1011100000001111
0011100100101110
1011100111000101
1011100100010100
1011100001010111
0011100010011111
1011100100000001
1011100110000110
1011100101001000
0011100000100001
1011100011100011
0011100100101111
1011100001011111
0011100010000010
0011100000111000
0011100100110111
0011011010010100
0011100101010100
1011100101011110
1011011001010011
0011011110110110
0011100011011011
1011100001010000
0011100100101011
1011100001101011
1011011110001110
1011100001110010
1011100100011100
0011100010010111
0011100010100000
0011100101001001
1011100101100011
0011100100001011
0011100101010101
1011100100000000
0011011111010000
0011100010000111
1011100010001111
1011100001101011
0011100100000001
0011100010100101
0011100010011111
0011011110110111
1011011100111000
1011100011000000
1011100011101001
1011100000001011
1011100000001111
0011100100100001
1011100100010010
1011100001000001
0011100011000101
0011100100000011
1011100010110011
1011100000110110
1011100011111110
0011001111110111
0011100010111101
0011011100011001
1011100010011010
0011011100011001
0011100000100001
1011100000000010
0011100000011010
0011011101101000
0011100010010101
1011100100010100
1011100101010000
1011100010001011
1011011110100010
1011100010001100
1011100011001001
1011011010000001
0011100001101001
1011100010000001
0011100011111101
1011100000000111
0011100001000111
0011100010110011
0011100010001000
0011011111011001
0011100010010011
1011100001010011
0011011110001010
1011011011001101
0011100010011010
1011011111111010
0011100010100000
1011100001000100
0011100001111100
1011100000010100
1011100010111111
0011100001001111
0011100011010011
0011100010111101
1011100010110000
0011100000011100
0011100010010101
1011011100000000
0011011010001110
1011011000100001
0011100000001101
1011100001111001
0011100011010011
0011100001010011
0011011001101100
1011011110001011
0011011111110100
1011100011101010
1011100000110001
1011100000101001
1011100000001010
0011100011011000
1011100001011000
1011011111010010
0011011111101000
0011100001111101
1011100000111101
1011100011101110
1011100010010101
1011100000111010
0011100010011101
1011011111001010
1011100001101111
0011100010010100
0011100010111000
1011100001011111
1011011010101111
0011100001000000
0011011011100100
1011100001010111
1011100010001011
1011100100111010
1011100010101101
1011011111110000
0011011101001001
0011100011111111
0011100010001100
1011011111111100
0011100010111011
1011011110010110
0011100000011101
0011100011101100
1011011100010100
0011100000101000
1011011110011110
0011100001110011
0011011111111000
1011011111001111
0011100001011101
1011011110001001
0011011110010100
1011100000101000
0011100011101001
1011011110101000
1011100001011010
0011100000001101
0011100011110011
0011011110110101
0011011010100110
1011011111100100
1011011110010101
0011100010010001
1011011111001011
1011100011000100
0011100100110011
1011100001111010
0011100010000010
0011011011111011
1011100011001001
1011100010001110
0011100010101011
1011100100001000
0011100001100110
1011100001000101
1011011111110000
0011011111011100
0011100010010111
0011011011000010
1011100010001001
1011100000001100
0011011101100111
1011100101010010
0011011001001110
1011100011010101
0011100001001101
1011100010001110
1011011111111000
0011100100011100
0011100100011100
1011100010100110
1011100010000010
0011100010110100
1011100010101011
0011100010011111
1011011110100010
1011100010101101
1011100110001011
0011011111011001
0011100100100110
0011100110010100
0011100010100001
0011011110000001
0011100000100110
0011011001000110
0011011110101110
0011100100010100
1011100011100100
0011100001101100
1011100100010010
0011100101010011
0011100000111101
1011100001001010
0011011110101000
0011011001010110
1011100010000101
1011011111101100
0011100100110101
0011011000100001
0011011011000101
0011011100100011
0011100100000110
1011100010011011
0011100100000100
1011100011101101
1011100100010000
0011100100110001
0011011111001100
0011100010010100
1011100011000010
1011011111100001
0011100010011111
0011100001101110
0011100010101000
0011100000001010
1011011111101101
1011100000010110
1011100011001001
1011011101011011
1011011110011001
0011100011100001
1011100011111110
1011100000010101
0011100010110100
0011100011010100
1011100010001100
0011011110010000
1011100010111110
0011011111010011
0011100001100101
0011011111000101
1011100001000110
1011011111111100
1011011100001100
1011011001100011
0011100000110010
1011011100111000
0011100010011000
1011100100000001
1011100010001100
1011011111110000
0011011111011001
1011100100100101
1011100011100111
1011100010011000
0011011110111011
1011100001010000
0011100010100111
1011011111001110
0011011111111100
0011011111101111
0011100010011101
0011011010110001
0011100010110101
1011100010110110
0011010110010110
0011011011110110
0011100001010000
1011011111000000
0011100010010111
1011011111101000
0011011000000100
1011011111100000
1011100010010001
0011100000001111
0011100000110011
0011100010110010
1011100011000100
0011100001101001
0011100010110101
1011100001000110
0011100001110000
0011100100111111
1011100110001111
1011010111010000
0011100010101000
0011100010111000
0011100101010001
0011100011010110
1011100011011011
0011100000010000
1011100101001110
0011011101001001
1011011100100010
0011100100100101
1011100110000011
1011100010000011
0011100101000100
0011100101000111
1011100011111010
0011100100110011
1011100100011110
0011100011101110
0011100001100110
0011100010110110
1011100001101101
1011100100100011
1011100011111011
0011100001010110
0011100011101111
1011100010100110
0011100100111010
1011100110000110
1011100011001001
0011011101001001
0011100100100110
1011100011100111
1011100111001111
1011100110101000
1011011110011000
1011100011000001
0011100011010111
1011100000110010
0011100000010001
1011100001100001
0011100101010010
1011100000000100
0011100101111100
1011100110010110
1011011111111110
0011100001000010
0011100010001101
1011100000100111
0011100100101011
1011011111010101
1011100011111011
1011100000111111
1011100011110111
0011100001001110
1011011110110001
0011100101001001
1011100101111111
0011100100110100
0011100101111100
1011100101001111
0011100001011110
0011100101001001
1011100110101110
0011100010110000
1011100010000010
0011011110010110
0011100101010011
0011100100001000
1011100100011101
0011100101001110
1011100100010101
0011100010010100
0011100000011101
0011011101101010
1011100101000001
1011011111110000
0011100100100001
0011100011100101
1011100001110101
0011100110110010
1011100001100000
0011100100111110
1011100001011001
0011100100000010
0011011111000110
1011100110001010
1011100110000011
0011100100000111
0011100100000011
1011100100011011
0011100100110110
1011100101001000
1011011010000001
0011100011111111
0011100110010100
1011100010011000
1011100110101000
1011101000011111
1011100011110001
1011100001011010
1011011110111110
1011011110010111
1011011110011000
1011100101100100
0011100101100110
1011100010111101
0011100110010000
1011100111000111
1011100010011011
0011100010101111
1011011011011010
1011011110010010
0011100100010110
0011100000000100
1011100110010101
1011011110011001
1011100001000011
0011011000010100
1011100101000110
0011100100101111
1011100110000111
0011100101100011
0011100110001111
1011100110011111
1011011000010111
0011011011100100
1011100000011010
0011100001011011
1011100010110101
1011100000110000
0011011000001001
0011011110010000
1011011111101101
0011100011001111
0011100000000110
0011100000010110
0011011111110000
1011100010110101
0011100000100010
0011011110101010
1011011110100011
1011100001001001
0011100000011001
0011100011011010
0011100001110101
0011100000101111
1011100010000111
0011011111000100
0011100001001011
1011100010001010
1011100010101000
0011100001001001
0011011011111100
1011100000110001
1011010110111011
0011100000100001
0011100001101001
0011100010001100
0011100010100001
0011011110111011
1011011110011000
1011100011110001
1011100100101000
0011011111001001
1011100010011111
0011011101110101
1011100000000110
1011100011010010
0011011101011001
1011100000010111
0011011110111111
1011100001110100
1011011111100000
0011011111000000
1011100000111011
0011011101100000
1011011100111110
0011100000010001
1011100011010011
0011011110001001
0011100000110010
1011011111101101
1011100011010111
1011011101101011
1011011100110010
0011011111101101
0011011110110110
1011100010001010
0011011110101111
0011100001111010
1011100010011110
1011011111100101
0011100010010110
0011100001011001
0011100010001110
0011011111011110
1011011110110101
1011100000100011
1011100010110001
1011011101101110
1011011110010111
0011100011001111
1011100011011111
1011100000000110
0011100010011101
0011100010111101
1011100001111011
0011011010111101
1011100010101100
0011011110010101
0011100001011010
0011011110010110
1011100000111010
1011011110100110
1011010001000011
1011011011101011
0011100000010100
1011011010111111
0011100010000010
1011100011100011
1011100010000001
1011011111111100
0011011110000001
1011100001010000
1011100011000001
1011100001011010
0011011111001001
1011100100011001
0011100010011100
1011011110111010
0011011111101110
0011100000001010
0011100010000011
0011011011111110
0011100010010110
1011100010010000
0011011001011010
0011011010001111
0011100001000001
1011011110101100
0011100010000010
1011011111011110
0011011100101101
1011011111001010
1011100010000011
0011100000000100
0011100000111101
0011100010011010
1011100010100100
0011100000111011
0011100010010110
1011100000010001
1011011111101100
1011100010010011
0011100010001101
0011100010011100
1011100100100101
1011100011001101
1011100010110001
1011011110101010
0011011010111011
0011100100000011
0011100100001001
0011100000111110
0011100000111100
1011100101001001
0011100100101100
0011100001101100
1011100011100110
1011100100011110
0011100011011010
0011100010011001
0011100100011100
0011011100100011
1011100011110010
1011011010011101
0011100011000100
1011011111011000
1011100010000001
0011100001000000
1011100000100100
1011011111010100
1011100010100110
0011100100101111
0011100011111101
0011100010111011
0011100000100110
0011100010100111
0011100011010111
1011011110111110
1011100010011111
0011100010011100
1011100110000101
0011100000100101
1011100001111101
1011100011111001
1011100010010001
1011100000011100
1011100010011001
0011100000110010
1011011111001111
0011011101001100
1011100011000010
0011100000011000
1011100010110111
0011100001111100
1011100010111110
0011100000110101
0011100011101010
1011100010000001
1011100100001110
1011100011011010
0011100010111111
1011100000010010
1011100010011011
1011011011101001
0011011100100111
0011011111101000
1011100000001101
1011011110000100
0011100000100010
0011011111100000
0011100000000101
0011011101000001
1011011100010000
1011011111001000
1011100000101110
1011011100010001
1011011100101001
0011100001010111
1011100001011011
1011011110001000
0011100000011000
0011100000111101
1011011111111110
1011011001010110
1011100000110000
0011011011001010
0011011111101100
0011011011101111
1011011111000110
1011011010111101
0011011010010100
1011011011001001
0011011110001000
1011010010101000
0011011111110101
1011100001011111
1011100000000111
1011011110010110
0011011001000110
1011011111001110
1011100000110010
1011011110010111
0011011101110101
1011011110111010
0011100000100101
1011100011101100
0011011101111110
0011011110110001
0011011111110001
0011011010111011
0011100000000111
1011011111110101
0011011001001011
0011010101000011
0011011111001011
1011011100101111
0011011111111011
1011011101110010
0011011100110001
1011011101001110
1011100000000101
0011011110001001
0011011111100011
0011100000010100
1011100000011000
0011011110100011
0011100000001000
1011011101010011
1011011100101010
1011011111001010
0011011110101100
0011100000000001
1011100010000100
1011100000100000
1011011111110111
1011011010111100
1011010100010000
0011100001011110
0011100001001110
0011011110100001
0011011110011010
1011100010011101
0011100010000000
0011011110110101
1011100000101001
1011100001110001
0011100000100111
0011100000010010
0011100001110010
0011011011101111
1011100001000011
0011010011100101
0011100000011100
1011011101111010
1011011111110010
0011011110101011
1011011101011100
1011011101010101
1011011111101100
0011100010000010
0011100001000111
0011100000011101
0011011110101110
0011011111111100
0011100000010001
1011011110011000
1011100000000110
0011011111101110
1011100001111101
0011011101111110
1011100100000100
1011100001010100
1011011111000011
1011011110001001
1011011111000110
0011011100100011
1011011100111010
0011011011010100
1011100000011001
0011011101101010
1011100000000101
0011011111001011
1011100000101011
0011011110001011
0011100000110101
1011011111001011
1011100001101111
1011100000011110
0011100000000010
1011011100100011
1011011111001010
1011011100001011
0011010101001111
0011011111011001
1011100010101110
0011100010110110
1011100100010000
1011100010000100
0011011110100001
0011100000011010
1011100001101001
0011100100110000
0011100000011111
0011100001111110
0011100001000101
1011100100001010
0011100000111101
0011011111110100
1011011110010100
1011100010001000
0011100001011000
0011100101000101
0011100010110100
0011100010100101
1011100011011001
0011100001000001
0011100010100000
1011100100000001
1011100100010110
0011100010110001
0011011110110101
1011100010100001
0011011101000101
0011100000111000
0011100010110011
0011100011101100
0011100100010100
0011011111101111
1011100001100001
1011100101100100
1011100011010010
0011100000001010
1011100011111001
0011011110110001
1011100001010100
1011100110001111
0011100000011101
1011100010000011
0011100001110000
1011100011111100
1011100001000101
0011100000101111
1011100010010001
0011011110100001
1011011011000111
0011100001101010
1011100100111011
0011011111000111
0011100010000001
1011100000110110
1011100100110101
1011011100001010
1011100000011011
0011100001111111
0011100001101000
1011100100000100
1011100000100011
1011100100000010
0011100101000100
0011010100001011
1011100001100001
1011100001111000
1011100100001110
1011100010010010
0011100010010101
1011011111001100
0011100100001100
1011011100001111
0011011011010011
1011100011011111
0011100100110010
0011100000110010
1011100100000101
1011100100000111
0011100010101001
1011100011110110
0011100011010110
1011100010100011
1011100000011010
1011100001111001
0011100000011111
0011100011100000
0011100010101101
1011100000010011
1011100010100010
0011100001100100
1011100011111101
0011100100110111
0011100010001000
1011011100010100
1011100011100100
0011100010011101
0011100101010010
0011100101100110
0011011101011001
0011100010000011
1011100010010001
0011011111110001
1011011111000011
0011100000011101
1011100101111010
0011011110110111
1011100100101100
0011100101001101
0011011110101111
1011100000000101
1011100000111110
0011011111100010
1011100011101001
0011011110001110
0011100010101101
0011100000000001
0011100010100111
1011100000001011
0011011110000001
1011100100001001
0011100100101101
1011100011110101
1011100100101011
0011100100001110
0011011000110111
0011011110001110
1011100000101100
0011100000000000
1011100000111100
1011011110011011
0011011110000000
0011011110010001
1011011111001001
0011100001111110
0011011010100101
0011011110110111
0011011110000111
1011100000100110
0011011010101010
0011011011111100
0011010111110110
1011011101110111
0011011101011001
0011100010011001
0011011111000110
0011100000001001
1011100000001111
0011011110100111
0011011111001101
1011100001010001
1011100001101001
0011100000000101
0011011101010001
1011100000000000
0011011101000101
0011011010010100
0011011111011001
0011100000101000
0011100001101100
0011011010110001
1011100000000100
1011100010111101
1011100000010111
0011011011111110
1011100000011100
0011011010111011
1011011110001001
1011100010000011
0011011110110111
1011100100000011
0011011111111111
1011100001100101
1011011110010110
0011011110001100
1011011110110011
0011011010101000
0011011010100110
0011011110011011
1011100010001110
0011011011010111
0011011110001100
1011011101011100
1011100010000001
0011011010110100
1011011111000101
0011011111110001
0011011111111010
1011100001011101
1011100001000001
1011100100011100
0011100101101110
1011011011000101
1011100001011111
1011100010001001
1011100100101010
1011100010110010
0011100010111001
1011100000101101
0011100100100010
1011011101110101
0011011010000100
1011100011110011
0011100101001111
0011100001001001
1011100100011100
1011100100011010
0011100011000000
1011100100100000
0011100011110000
1011100011001101
1011100000010101
1011100010011010
0011100000100100
0011100100001110
0011100011100011
1011100001001001
1011100011000011
0011100010010011
1011100100010110
0011100101010100
0011100010010011
1011011110011110
1011100100010010
0011100010110101
0011100101111100
0011100110010000
0011011110111111
0011100010010110
1011100010011001
0011100000000111
1011011111000110
0011100001110000
1011100100101100
0011011111111111
1011100110011101
0011100101111011
0011011111101101
1011100000101010
1011100001001011
0011011111111111
1011100100001001
0011011110000101
0011100011101000
0011100000010001
0011100010111011
1011100000010110
0011100000000010
1011100100100001
0011100101010000
1011100100010110
1011100101001111
0011100100110001
0011100001011000
0011100100110111
1011100110010011
0011100000010011
0011011101101011
0011100001011010
0011100101000100
0011100011100001
1011100011110101
0011100011010100
1011100100101000
0011100000011000
0011011100111010
0011100010110100
1011100101010111
1011100000111000
0011100100101000
0011100100010110
1011100010110011
0011100101110011
1011100011010000
0011100100001101
0011011010111111
0011100011001100
1011011110011100
1011100101001000
1011100100110000
0011100010101010
0011100011101001
1011100011011001
0011100100101100
1011100101011110
1011100001010011
0011100001110011
0011100101010011
1011100010110110
1011100110010110
1011100111000111
1011100001110100
1011100010010000
0011100000110010
1011011111110101
0011011100100011
1011100011111100
0011100101001101
1011100001100101
0011100101111011
1011100111010110
1011100001000101
0011100001111000
0011100000000011
1011011111101000
0011100100010111
0011010100100100
1011100100111111
1011100000000001
1011100010100110
0011011111011000
1011100011000000
0011100100110001
1011100101110101
0011100100111100
0011100101111010
1011100101110001
0011011001100101
0011011110001110
1011100000011010
0011011110111011
1011100000000001
1011011100111110
0011011110000111
0011011101111111
1011011110101001
0011100000111101
1011010110101010
0011011110001000
0011011101000010
1011011111010010
1011011000101000
0011011010000100
0011011011001001
1011011011001011
0011011011011010
0011100001110010
0011011101100011
0011011111100000
1011011111000101
0011011110001100
0011011110001010
1011100000101001
1011100000110111
0011011111001110
0011011101001000
1011011111001011
0011011101011010
1011011001010011
0011011110001010
0011011111111000
0011100000111101
0011010110010110
1011011111111110
1011100010011011
1011011111100000
0011011001011010
1011011111001111
0011011001001011
1011011100111010
1011100001000101
0011011110101111
1011011110010110
0011011111101101
1011100001000101
1011100011110010
0011011101100000
1011011101101011
0011011000110100
0011011100000001
0011011101011000
1011100001011100
0011011001101110
0011011100011011
1011011100001100
1011100000111111
0011011100010010
1011011111000010
0011011111010100
0011011111101001
1011100000110110
1011011011101011
1011011111100100
0011100001010001
1011011110010101
0011011110011110
0011011000101011
1011011111101010
1011011110100110
0011011111001001
1011100000100011
0011011110000011
1011011101101010
1011011100010000
0011011100001101
0011011110101101
0011010111001001
1011011110011110
1011011100011100
0011011001110111
1011100001111000
0011010011000100
1011011111111011
0011011101111001
1011011110100111
1011011100011000
0011100000111001
0011100000111001
1011011111000101
1011011110011000
0011011111010101
1011011111000110
0011011110110110
1011011011001101
1011011111001111
1011100001001010
0011011011110110
0011100001000010
0011100010101111
0011011111000000
0011011010001111
0011011101001100
0011010101000011
0011011011010100
0011100000101111
1011100000000101
0011011110001100
1011100000101010
0011100001111000
0011011101100000
1011100011110011
0011011011010001
0011010101011001
1011011110011010
1011011100001110
0011100001010110
0011010100010100
0011010110110010
0011011001001110
0011100000100000
1011011110110011
0011100000011010
1011100000001011
1011100000101000
0011100001010000
1011011110010110
1011100000111111
0011100001000000
0011100000111010
1011100011000111
1011100001111011
1011100001100100
1011011101101110
0011011010111011
0011100010011010
0011100010101100
0011011111100000
0011011111100001
1011100011110101
0011100011010111
0011100000010001
1011100010010000
1011100011000100
0011100010000110
0011100000100110
0011100011000000
0011011001011101
1011100010010010
1011011010011100
0011100001101110
1011011101000111
1011100000001110
0011011111011010
1011011111010111
1011011101011111
1011100001010101
0011100011011011
0011100010011010
0011100001011101
0011011110101000
0011100001010000
0011100010001101
1011011011011010
1011100000111011
0011100001000001
1011100011000010
0011011111001011
1011100000011001
1011100010010001
1011100000111110
1011011110110011
1011100001001011
0011100000000011
1011011101101011
0011011011010001
1011100100100101
0011011110111100
1011100001101001
0011100000011000
1011100001010111
0011011111011111
0011100010010000
1011100000011101
1011100010101000
1011100010001010
0011100001111000
1011011111001100
1011100001001110
0011010000100110
0011011100011100
0011011111011001
1011100000000100
1011011101110010
0011100000010101
0011011111010000
0011011111111010
0011011100110110
1011011100001001
1011011110110110
1011100000100010
1011011100000101
1011011100011011
0011100001000111
1011100001001100
1011011101111101
0011100000001110
0011100000110000
1011011111101011
1011011000100001
1011100000100011
0011011011000101
0011011111011001
0011011011100100
1011011110110111
1011011010111101
0011011001110111
1011011010110011
0011011110000000
1011010100001101
0011011111100101
1011100001010000
1011011111111010
1011011110001001
0011011001010110
1011011111000000
1011100000100111
1011011110010010
0011011101100000
1011011110101100
0011100000011000
1011011100101111
0011011101101010
0011011110100001
0011011111100010
0011011010101000
0011011111111111
1011011111101000
0011011000110100
0011010101011001
0011011110111100
1011100011101001
0011011111101011
1011011101011111
0011011100011100
1011011100111111
1011011111110111
0011011101111111
0011011111001111
0011100000001010
1011100000001110
0011011110011010
0011100000000000
1011011101001011
1011100000001110
1011100011011001
0011100100011000
0011011110101001
1011100010100100
1011100010001011
1011100011110001
1011100001011110
0011100001010010
0011011110001100
0011100100000011
0011011011010001
0011011110001000
1011100100000001
0011100100100111
0011100000110111
1011100011110011
1011100100000110
0011100010101101
1011100001111110
0011100011100101
1011100001010011
1011100001101001
1011100000101110
0011100001010101
0011100010001010
0011100000100111
1011011101000110
1011100010000100
0011011111111111
1011100011011000
0011100100101011
0011100010100000
0011011110010100
1011100010000101
0011100010010111
0011100100101011
0011100100010110
1011011100111110
0011100010000010
1011100010110111
0011011111111011
1011100000000101
1011011011000111
1011100011101001
0011011010100110
1011100100001001
0011100100010111
0011011100000001
1011011110011010
1011100001101001
0011011111101011
1011100101010010
0011011111100111
0011100000000111
0011100000001000
0011100010110000
1011100000100011
1011011111010110
1011100011110100
0011100100001111
1011100010111010
1011100100001001
0011100010111101
0011011100001111
0011011110011100
1011011100111101
1011100000001001
0011100010000110
0011100000011100
0011011111000110
0011011000001000
0011011010011001
1011100001110001
1011100000111011
1011011110101110
1011011110100000
0011100010011010
1011100001101001
1011011110101100
0011100000010101
0011100001100001
1011100000011110
1011100000110111
1011100001101000
1011011101001000
0011100001000110
1011011001111101
1011100000011101
0011011110110111
0011100000010011
1011011111000110
0011011100100000
0011011110001010
0011011111000001
1011100001101011
1011100001000100
1011100000101000
1011011111101100
1011011111101000
1011011111010101
0011100000000100
0011100000010001
1011011111011110
0011100001111100
1011011101110010
0011011111001011
0011100001101010
0011011110001110
0011011110011011
0011011110000101
0011010100100100
0011011101011000
1011011100001110
0011100000011000
1011011101011111
0011011111100111
1011100100000100
0011100001001001
1011011110000101
1011100000101101
0011011111000111
0011100010000000
0011100000001001
1011011111000111
0011011001111101
0011011110001001
0011011110001001
0011011101101010
0011100010001101
1011100100010110
0011100010101111
1011100011110000
1011100000101011
0011100010001000
0011100001111000
1011100010100011
0011100100110010
1011011100010010
0011100010000000
0011100000110101
1011100010111111
1011011101110010
0011011101100011
0011011111011100
1011011110011110
0011011110111001
0011100101100111
0011100001001001
0011100011010111
1011100010110111
0011100010000111
0011100001111111
1011100100100010
1011100100101110
0011100011000011
0011100001000110
1011100011000010
0011100001011011
1011011110001110
0011100001111100
0011100011101001
0011100100110101
0011011000000100
1011100011111011
1011100110010101
1011100011010011
0011011100101101
1011100010111110
0011011100110001
1011100000101011
1011100100111011
0011100010101101
1011100010001110
0011100011101000
1011100100111111
1011100001011100
0011100001010110
1011100001010111
0011011100011100
0011100000000111
0011100001001001
1011100110011110
0011011101010000
0011100000001000
1011100000000000
1011100100110100
0011100000011001
1011100011000001
0011100011001110
0011100011100101
1011100100101111
0011011100110101
0011011111111010
1011100000010110
1011011110010011
0011100000110011
0011011111110110
0011100000010000
0011011101001101
1011011100010110
1011011111100000
1011100000111101
1011011100100011
1011011100111100
0011100001101100
1011100001101110
1011011110010100
0011100000100101
0011100001001110
1011100000001010
1011011010010111
1011100001000000
0011011011001100
0011100000000010
0011011011111010
1011011111011010
1011011010110101
0011011010111100
1011011011101001
0011011110010010
0011001111001101
0011100000000100
1011100001110010
1011100000010100
1011011110101000
0011011000100001
1011011111100000
1011100000111111
1011011110011001
0011011110001001
1011011111001010
0011100000110101
1011011101001110
0011011110001011
0011011111000111
0011100000000001
0011011011010111
0011100000010001
1011100000000001
0011011001101110
0011010100010100
0011011111011111
1011011100111111
0011100000001000
1011011110000101
0011011101010000
1011100011110001
1011100000010001
0011011110010111
0011011111111101
0011100000100001
1011100000100100
0011011110101110
0011100000010010
1011011101011000
0011011111101001
0011100010100001
1011100011000010
1011100000111111
0011100011100111
0011100010011111
0011100010111010
0011100000000100
1011011111000001
1011100010010001
1011100011110100
1011011111010100
1011011111110011
0011100100011000
1011100100011001
1011100001000000
0011100011010101
0011100100000101
1011100010110011
1011011101001010
1011100011111001
0011011110000010
0011100010101000
0011011110100000
1011100010001101
1011011101100101
0011011101111000
1011011110011000
0011100000111101
0011010011100100
0011100010101011
1011100100011100
1011100010111111
1011100001011010
0011011011000101
1011100010010001
1011100011110111
1011100001000011
0011100000110010
1011100010000011
0011100011101010
1011100000000101
0011100000110101
0011100010000001
0011100010100111
0011011110001100
0011100010111011
1011100010100110
0011011100011011
0011010110110010
0011100010010000
1011011111110111
0011100010110000
1011100000101101
0011100000001000
1011100000010001
1011100101001000
0011100001000011
0011100010100100
0011100011010000
1011100011010011
0011100001100000
0011100010111100
1011100000001010
1011011101010100
1011100000001010
0011100000010010
0011011111101111
1011100010000011
1011100000101001
1011100000100011
1011011100111011
0011011010111110
0011100001000011
0011100001101110
0011011110001110
0011011110010010
1011100010100100
0011100010010101
0011011111000101
1011100001001010
1011100010000110
0011100000110111
0011011110111001
0011100010000001
1011010000011001
1011100001000000
1011011010011110
0011100000011101
1011011010011000
1011011110100011
0011011110000100
1011011110011101
1011011011101010
1011100000011000
0011100010010111
0011100001001111
0011100000001101
0011011100100011
0011100000001111
0011100001001110
0011011000010100
1011011111101101
0011100000000100
1011100010000001
0011011110001001
1011011111001011
1011100000110110
1011100000001011
1011011101011100
1011100000010110
0011011111011000
1011011100001100
0011011001001110
1011100000011101
0011011101111111
1011100000100011
0011011111000111
1011100000000000
0011011110010111
0011100001000011
1011100100000101
1011100001010110
1011100001000001
0011100000110100
1011011110100000
1011100000011000
0011011010000111
1011011011001000
0011011010110100
1011100001100100
0011100010111111
1011100100100000
1011100010100000
1011011001101110
0011011111011101
1011100000111111
0011100100110011
0011100010000100
0011100010000010
0011100001010011
1011100100100100
0011100010100000
0011100000011110
1011100000101011
1011100010111110
0011100010001110
0011100100111000
0011100011100001
0011100010010000
1011100011110000
0011100000011110
0011100010110110
1011100011100110
1011100100001110
0011100010101100
0011011100010111
1011100010010101
1011011100010011
0011100010100000
0011100011010011
0011100011110011
0011100100000110
0011100000110011
1011011110110001
1011100101000110
1011100011010111
0011100000111101
1011100100001110
0011011111100011
1011100001101111
1011100100110101
0011011110000001
1011100010000001
0011100000000010
1011100011000000
1011100000111111
0011100000100000
1011100010101000
0011011111001111
1011011111010110
0011100010000000
1011100100110100
0011011111111101
0011100010100100
1011100001010110
1011100110010010
1011100000000011
1011011100100101
0011100000110101
0011011111110111
1011100011100010
1011100000100111
1011100011111111
0011100100110010
0011011111001100
1011100011000011
1011100010100100
1011100100001101
1011100010000010
0011100001110101
0011011110101110
0011100100011011
0011011100000010
0011011110100010
1011100100011001
0011100101000101
0011100001011001
1011100100001111
1011100100011110
0011100011001100
1011100010010011
0011100100000111
1011100001110110
1011100010001011
1011100001001100
0011100001111101
0011100010100000
0011100001000000
1011011101011111
1011100010011011
0011100000010011
1011100011111110
0011100101001001
0011100010111101
0011011110110101
1011100010011011
0011100010110010
0011100101001001
0011100100101111
1011011101101011
0011100010011010
1011100011011010
0011100000010100
1011100000011110
1011011100001010
1011100100001001
0011011010110100
1011100100100001
0011100100110001
0011011100010010
1011011110110011
1011100010001010
0011100000001010
1011100011110100
0011100000001001
0011100000011001
0011100000100001
0011100011010000
1011100001000001
1011100000000011
1011100101111010
0011100100101000
1011100011011010
1011100100100001
0011100011011101
0011100001001000
0011100100011110
1011100101101011
1011011010101111
0011100010011001
0011100010011111
0011100100101101
0011100010101111
1011100010110001
0011011110110000
1011100100101101
0011011011110100
1011011100101011
0011100100010000
1011100101011101
1011100001100000
0011100100100101
0011100100101001
1011100011010101
0011100100001100
1011100100001000
0011100010111111
0011100001010011
0011100010010011
1011100001010100
1011100100000010
1011100011000100
0011100000100010
0011100011000101
1011100010000011
0011100100011010
1011100101100011
1011100010110000
0011011010100110
0011100100000100
1011100011000100
1011100101111111
1011100110000111
1011011100110010
1011100010100100
0011100010111111
1011100000011000
0011100000000010
1011100000011011
0011100100101101
1011011111000101
0011100101010000
1011100101110101
1011011111000010
0011100000011010
0011100001111000
1011100000001110
0011100100001111
1011011111000111
1011100011000001
1011100000100100
1011100011010011
0011100000110100
1011011100100101
0011100100101000
1011100110011110
0011100100010011
0011100101001111
1011100100100111
1011100000000100
1011100011011101
0011100100101110
1011011101111101
1011011110011110
1011100000011001
1011100011101101
1011100010000100
0011100010001110
1011100001010000
0011100011010100
1011011110010100
1011011001011101
1011100010000011
0011100100000111
0011011111110100
1011100011010001
1011100011000010
0011100001101100
1011100100000110
0011100010001101
1011100010100001
1011011100111100
1011100001101011
0011011110001111
0011100011100011
0011100011000001
1011100000110110
1011100010001011
0011100001110010
1011100011010001
0011100100001011
0011100000011100
1011011111100100
1011100011101101
0011100001101001
0011100100110100
0011100101100011
0011011111101101
0011100000111011
1011100000010010
0011011110100011
1011011100100011
0011100001111111
1011100011110101
0011011111110001
1011100100010110
0011100100111100
0011011111010100
1011100000001011
1011011111001100
0011011110011010
1011100010111010
0011011001111101
0011100011001110
0011011110101110
0011100001100000
1011011110100000
0011100000110101
1011100011011010
0011100100010011
1011100101011001
1011100100010101
0011100100001010
1011100001000001
1011100100011100
0011100101101101
1011011010101001
1011100001100100
1011100010001010
1011100100101001
1011100010110010
0011100010111000
1011100000100110
0011100100100010
1011011101101011
0011011010010011
1011100011110101
0011100101001111
0011100001001010
1011100100011100
1011100100011011
0011100011000001
1011100100011110
0011100011110001
1011100011001011
1011100000011001
1011100010011001
0011100000100111
0011100100001100
0011100011011111
1011100001000101
1011100011000011
0011100010010001
1011100100010110
0011100101010101
0011100010010101
1011011110010101
1011100100010000
0011100010110101
0011100101111100
0011100110001111
0011011110110110
0011100010010110
1011100010011011
0011100000001000
1011011111001010
0011100001101000
1011100100101011
0011011111111010
1011100101001111
0011100101111010
0011011111101001
1011100000101000
1011100001001110
0011100000000000
1011100100001001
0011011110001001
0011100011100101
0011100000010010
0011100010111100
1011100000011000
0011011111110111
1011100100100001
0011100101001111
1011100100010101
1011100110011100
0011100100110000
0011100000001011
0011100011111001
1011100101010100
0011100001000110
1011100000000000
0011011101111101
0011100100000010
0011100010100101
1011100010111101
0011100011101100
1011100010111111
0011100000101001
0011011110101100
0011011110001101
1011100011110111
1011011110100101
0011100011001100
0011100010011000
1011100000100110
0011100101010011
1011100000100010
0011100011100100
1011011111011010
0011100010011101
0011011100101001
1011100100100100
1011100100011011
0011100010011111
0011100010100001
1011100010111000
0011100011100010
1011100100000000
1011011100000000
0011100010010001
0011100100110001
1011100001000110
1011100101001111
1011100110011111
1011100010001010
1011100000010001
1011011011101001
1011011101010011
1011011100001011
1011100100000100
0011100100001110
1011100001011101
0011100100110001
1011100101110001
1011100000110110
0011100001010000
0011010000100110
1011011101001011
0011100010111101
0011011110001001
1011100100101111
1011011101011000
1011100000001010
0011011010000111
1011100011100010
0011100011011101
1011100100100111
0011100100001010
0011100100110000
1011100110010101
