10111111001001100010010111000100
00111111100101110011000001110011
10111111010000100010100111111111
10111111100011100000011111001101
10111111010110000111011000001100
10111111000100101001101000101010
10111111000011110000010110110100
00111110001101101010100101001110
10111110010010011001011000001100
00111111000101100010000100011011
10111111010110100001010101000100
00111111010011001110000111010001
10111111110000010011010000101101
00111111011000000011100101001010
10111110011110001001110111010010
00111110001010101101000100100100
10111111111110111001001011010111
10111111101000101001000110110011
00111111100101100110110000000011
01000000000000011101110111000011
10111110100011001110000101101001
00111111000110101000100101011100
00111111111001000000000000010000
00111111111000110000011100111100
10111111111011101011110001010110
10111111100001101000101010101101
10111110110101011011001100011010
00111111101100110111101000001110
10111111101011110001001001010101
10111110100101011100011100100110
00111111101000101010101100101001
00111101100001110010111111101000
00111110111001110000111110000011
10111110101001001111100010101100
00111111010010011101010100110000
00111111011011011100000110100101
10111110111110110100100011100000
00111111111001100000101010101011
00111111000101110011011111100100
10111111001000101100001011011011
00111111000110100111010011101100
10111111000010010000011000000011
10111110000111101100110101100100
00111111000111001011010000001101
10111111100001011010110100001100
10111110101100001111011010101010
10111111100101011111000010011000
10111111001011111000001010011110
00111111011011010001110010000101
10111111101111011010011110001001
10111111000011101101110011100000
10111100111010010001011010000000
10111111101111001111011100100110
00111110100001001000111010001001
11000000000000010011001000111100
00111110010011001000100010110110
00111110110110100000101011100011
10111111101000101001000011001001
10111110111110000110111010011010
00111111000110000010010010001011
10111110100011011000110011001111
10111111111011011100010101000111
00111101001001101101010101011010
00111110100100001110000101111000
